000000001
000000000
000000001
000000000
000000010
000000000
000000011
000000000
000000100
000000000
000000101
000000000
000000110
000000000
000000111
000000000
000001000
000000000
000001001
000000000
000001010
000000000
000001011
000000000
000001100
000000000
000001101
000000000
000001111
000000000
001000110
000000001
001001111
000001000
001010001
111100000
001001111
111100001
001010010
111100000
010000000
000000010
010100000
000110000
010000000
000000100
010010000
001100110
011110000
000000000
001001010
000010000
001001001
000000000
011110000
000000000
010000000
100110100
011100000
001100010
000100100
010000000
000010011
001100000
010000000
010100010
011010000
001001010
010110000
001010110
010000000
011000100
010110000
001010110
011110000
000000000
000111000
011000100
000110111
010100011
000000101
011100000
000000110
100000000
001000100
010000001
011110000
000000000
000100110
011000000
000010101
010100000
000001101
000000001
001001001
100100001
001110000
000110110
011110000
000000000
001110000
001110000
011110000
000000000
001001111
000000001
000110011
000011110
000110100
000011110
001110000
010000110
011110000
000000000
010000000
110100000
010100000
010000000
010000000
010100010
010110000
010000110
011010000
010000000
010000000
011000100
010110000
010000110
011110000
000000000
001000100
010000001
000000011
001100001
011110000
000000000
001001111
000001010
001100000
111100110
001001111
000001011
001100000
111101000
000000001
000000000
000000001
000000000
000000010
000000000
000000011
000000000
000000100
000000000
000000101
000000000
000000110
000000000
000000111
000000000
000001000
000000000
000001001
000000000
000001010
000000000
000001011
000000000
000001100
000000000
000001101
000000000
000001111
000000000
000000000
000000000
001010110
000000000
001001111
000000001
001010111
111100000
001001111
000000010
001010010
111100000
010000000
000000010
010100000
001001010
010000000
000000100
010010000
100011100
011110000
000000000
010000000
011000000
010100000
011001100
010000000
011100100
010110000
011011100
011110000
000000000
000111001
011100100
000111000
011000011
000000110
100000000
000000111
100100000
001000100
010000001
000000011
001100001
001110000
011000010
011110000
000000000
001001010
000001001
011110000
000000000
010000000
101110100
011100000
100000110
000100101
010100000
010000000
011100100
011100000
011110000
010000000
011000000
011000000
011111100
011110000
000000000
000111001
011100100
000111000
011000011
000000110
100000000
000000111
100100000
001000101
010100001
011110000
000000000
000100111
011100000
000010110
011000000
001001011
101100001
001110000
011100000
011110000
000000000
010000000
011000000
011010000
100010000
010000000
011100100
010110000
100011000
011110000
000000000
001000101
010100001
000000100
010000001
000000011
001100001
011110000
000000000
001110000
100100110
011110000
000000000
001001111
000000001
000110011
000011110
000110100
000011110
000110101
000011110
011110000
000000000
001001111
000000100
001100000
111100110
001001111
000000101
001100000
111101000
001001111
000000110
001100000
111101010
000000001
000000000
000000010
000000000
000000011
000000000
000000100
000000000
000000101
000000000
000000110
000000000
000000111
000000000
000001000
000000000
000001001
000000000
000001010
000000000
000001011
000000000
000001100
000000000
000001101
000000000
000001111
000000000
000000001
000000000
001001111
000001101
001010001
111100000
001001111
000001110
001010010
111100000
001000011
000000001
010000000
000100000
010100000
101100100
010000000
001000000
010010000
110100000
011110000
000000000
010000000
001100000
010010000
110100110
000000111
010100000
000000110
010000000
000000100
000000000
000000101
000000000
000001000
000000000
011110000
000000000
010000000
100000110
011100000
110000010
000000101
010100110
000000100
010000001
001001000
100000001
001110000
101110100
011110000
000000000
010000000
010000010
011010000
110001110
010110000
110010100
010000000
010100100
010110000
110010100
011110000
000000000
001001001
000000001
001110000
110011000
011110000
000000000
001000011
001100001
011110000
000000000
010000000
100100000
010010000
101100100
001110000
110101110
011110000
000000000
000000011
000000000
001110000
111001000
011110000
000000000
001001111
000000001
000110011
000011110
001110000
111001000
011110000
000000000
000111011
010100100
000111010
010000011
000111101
001001110
000111100
000101101
010000000
101011000
010110000
111001000
011010000
111000010
010000000
101111010
011000000
111001000
011110000
000000000
001001111
000000001
000110011
001111110
011110000
000000000
001001111
000001111
001100000
111100110
